9206865506280 9590176721427 8336507603535 8337496921919 10757301991886 7482764601119 9682443175327 9037707322672 9130787154989 8546493669608 11222921311138 9333713844025 9148710544559 7581258502548 9850066371279 9119626548790 9283729838552 9322720926446 10140572695110 9566026510726 11117148217811 8930865174120 7294320246642 10386648734191 8090473375335 8411859330314 8831420865915 9719127192244 9278198648540 8304786998117 8059708455301 9994729773708 
8826254760010 10015854884749 8875879252496 9191772981527 11057751836073 8542615944826 9301329040870 9091645908995 8816431134459 9589079825671 11707758623483 9377213738200 9314962595816 8418009275718 10787827555691 9552926876791 9033173588176 10036199831742 10274029880026 10241769227249 11508368932642 9654025408873 7980161119960 9498589883745 7987345446303 9240967027892 9184399495315 10167178472115 9047808286561 9637630972737 7830907260634 10121506983908 
9859103849300 10714462831997 9425645134787 10687758007078 12507732898048 8938773407880 10038443825247 10686933804940 10260348208064 10340678264252 12349245854596 10363780117798 10099438777011 9110344265694 11446783641362 9863220288506 9721727125049 10536514175181 11576582996615 10915582356165 12562874466928 10316293567229 8851231062703 10929776283717 9369014401062 9964275537395 10054979670298 11335291486594 10430013903458 10516957681961 8434151367467 12041791120998 
8770957882129 10985928987331 8953184622966 8514568753210 11312847014919 8254295436126 8931276274980 9903018506264 9541297333823 9260154143267 11623284897672 10563212643019 8801257453579 8082186279015 10288334238542 9232661523425 9061189512948 9494626521415 9960915092361 10404459262808 11483504400298 9700641117407 7831852718547 10325557938007 8479820821226 8898203950941 9385970475648 9776913550153 8860188209737 8837846617460 8163628139682 10699886753926 
9028528391972 10884023767437 8700766046434 8244055728583 10636408972453 7841458886691 9452175938393 9600871426285 8989536192239 9505749371045 10814163210101 10915519898772 8818011029075 8254202287538 9530987904763 8857372846779 8320771355388 10107693542953 10331948637870 9542373871020 10705462509787 9177451862186 7345789710204 9214277248999 7773974051829 9271333894845 8495109080521 9760743535741 9236584564878 9236019438499 8860231833603 10148176353907 
10968261559794 11330161078267 10491779928000 9958428400778 12585171476848 9355603544394 11072370205525 10858663973647 10326326520961 11125063214170 12614962112402 11123517996007 10303322105412 9465476113669 10679462015603 10623362816410 10666425939586 12145376054955 10781927927145 11221370442033 12934594671343 11275993308627 8530095521561 11541093785120 9275239015434 9777362128338 9912868225833 11769649888163 10943134265634 10586749102700 9771894903562 11507555253302 
9422434958105 9723992667473 8869198844493 8888090979627 10657852376634 8106671164551 9486307628662 9344259265838 8656206990688 9776108948705 11421084133138 9459555019673 9068175794164 8728319338049 10057772263903 8828838224981 8810390921640 10500009770340 10536165515170 10576506117230 11290040775969 9374936545555 7518048432711 9230809186447 8155875847461 9786855216358 9103789617027 9959797531917 9783161267489 9617648307578 8355246940722 9899679189415 
7562824110242 9171900762413 7903460311547 7528927173791 9749667688443 6221369995149 7764352448325 7604444279885 7726736370938 7586802121349 9241093028879 8659093001037 7420240308798 6499862183176 9152828582692 8079319054333 7778260950248 7444128065494 8226269793797 8140353162828 8615743011636 8302294844449 6414791946511 8463636352220 7424752323968 7094116920108 8257309114448 8875529451319 7052111830021 7724849506968 6562219017039 8383129102903 
9065957067354 10680223953803 9567767610022 10079014166019 11946929488693 8293307677061 9568631297325 10231701736497 9799485397707 9663239076165 11122450383331 9762153238903 10275338469766 9107393597500 10538198457088 10036576648633 9731402249938 10208374204172 10792546677888 10472804426980 12153394382573 9714206054628 8166717676077 10299426996359 8587642372626 9526445619586 9198684880189 10214632188169 10228120288196 10311066760976 9227526081881 10601183169333 
9714391624746 9870490429305 9292602520669 9086496062752 10955005974755 7603237828204 9719153061761 9910231882759 9688420659492 10784249572311 12117727770459 10427740470773 9372053292761 8379430634430 10771444699900 9449890776381 9616507146040 10498351565573 9878909419765 10396223507765 11587649463987 10818294118091 8038337069047 9580521741855 8453646385773 9212852985904 9068053834210 10214342696078 9325249217622 9611183523063 8466570571237 9974682485635 
9051433080712 10679323276715 10073170444669 8441822177063 11410907790317 8404883527604 9589596333202 10348439027020 10338956083503 10031249806103 11910721412994 9910850789908 9684306212181 9673167578568 11173011824073 10060539204826 9837084154880 10732483241224 10663871420741 10551659136078 11890513381873 10512896855717 8210626745157 10396116207016 8775583417473 9632601270945 9182873801653 9591761197696 10190345679546 9139522479724 8912895428324 10059206320811 
9629977135212 11098176186309 9307862575102 9954959454324 11553316630964 8112685140051 9681234930866 9963603791015 9891306917485 9363991234074 11471493647797 10046988766476 9473398003448 8704499084564 10885686167583 10305671375355 9725053140865 9604990137552 10636557306178 10161521730679 11370029845270 9915862402385 7975276894062 10123791555433 8478589500824 9578896998087 9268753808763 10133596300402 9712753906328 10011015110146 9420400952381 10256099901888 
10910759454476 11646890565412 10551655132670 10488907623719 13096482072760 9065720110393 10224643635347 11602407826930 10435128301709 10625948043459 12987674538622 11916372625808 9900951122752 9251929191133 11668873534277 11243234717272 10793773930683 11089803040222 11964360791615 11799364507230 13215096122231 11725007382089 8422494310704 11004028763549 10559888503702 9789343668983 10638238419403 11879579120296 10017963594847 10574921017382 9509674332951 11403285991852 
7845914673111 8126724681337 6929542387159 7324637632549 8921619699228 6710828292151 7780390463402 7713733190228 7517752487698 7943660798158 9605819040513 8084267208254 7101874750871 6437202717722 7991009144327 7329989109026 7072281096685 8127826900991 8060568409311 8414299403240 8989545010826 7646210325067 6750138508920 8042920198524 6665058508520 7264782176475 7716283995030 8197059195203 6890891040734 7390570456731 6526879294363 8527951578958 
8729307646969 10748238481963 9161997071073 8657653594577 11010119059435 8547776642010 9468515863503 10437800979464 9409836782761 10006644087700 11768457514878 10513636553602 9383771454943 8410188921733 10786412293682 10001937174863 9235880486513 9976620993974 9946562017436 10497951915253 11832804759644 10517217386869 8372122857582 9735436233167 8337286300864 9147879171906 9387806494025 10088152611035 9090120935317 9429997067117 8755633265700 10357044670659 
10395977835145 10556499198832 9668937016502 9997755030053 11601318896960 8960164856549 9622384508005 10638244763686 9767155672933 9926752412607 12009401759749 10564324768400 9010201701022 8620036734552 10175049449988 10850234988610 9499251214636 10637389092025 11091817338422 11135267837073 12071405439462 10491893572680 7864946830926 10638662537548 9528305025790 9622023518359 9611944433938 11271681468984 9347773428586 9782889807807 8722700566637 10461049083448 
9835762899033 10286973524029 10399299397528 10397997367045 12400833275414 9072458023890 10592924868377 11079750800753 10155598484814 10765856096828 12551626536942 10880164092345 9658370211940 9071366920686 11151851204929 10475124253219 9809872478281 11130119912201 11344873344600 10826898228576 12637324762086 10250431839106 9151481472213 11010038269011 9688945811536 9339059087513 9591641166820 11707781783514 10434228548276 9879158978300 8724927741206 11823763170954 
9656671572848 10458958919014 10203873644566 9486236071727 11986581216262 8519126897981 10148950500768 10482031826948 9963597199706 10279235573199 11670656622089 10990789016652 10624618489660 8867998919447 10766711383968 10032098733656 9593698586584 11708205762547 10483496774964 11073682067416 12301182446474 10294937992710 8041597065826 10326246584322 9017485036285 10014191632003 9486741415728 11089270553978 10754593623821 10524510732851 9411255676608 10957911994984 
9415336344690 10771816386894 10005088331792 8598868409829 11622688410760 7993589864517 10795003840683 10687528138470 10282014586047 10611585771175 12517044391869 11063125990824 10007034903026 9084470107996 11413238370289 9132037114648 9922223927487 11735594694199 10525876618085 11367872999561 12007107592634 11028065349630 8121456094339 10982422029425 9045856156428 10021191774709 9569138536925 10621121624658 10540243258978 9148326785832 8966545059886 10867631638343 
9697536232183 10923586291086 9846734454667 9654114031213 11175163363520 8345537023335 10411228428380 10328251125045 10054282240827 10336066425501 12015299695231 10560054337387 9776383579711 8509936759603 10649407043156 9925182586520 9774387421497 10252769622317 10313421826871 10452416294614 11761046421990 10026598528417 8507948003871 10987338383263 8955413083986 9459880135100 9310204865994 10757390482126 10169651259429 9757332193190 9097929805684 11254643735977 
9790543577697 11246157957268 9803381273732 9836055492960 11966596815969 9348387988187 10095552803860 10775839265790 10546184200020 10415751554753 11783372659790 10450860404544 10172433943091 9174372997293 11669516771187 9910263384924 9714713722078 10269947047449 11679063659905 10610898210423 12479290360760 10560271182583 8741654908262 10825935126444 9454134037272 9571633294105 10203235484830 11558752055543 10056877909149 10041097812022 9072622505021 11271723483087 
10058173739820 11579730097537 10276254590293 9717790458617 12518390146013 9186515502977 10328999490909 11836999804045 11170718748934 10294922886938 12875327826198 11107293516987 9286381176502 9715741077508 11200738389641 10731176425899 9854116164076 11120455736428 11180000814347 10726198756012 12701029508765 10860485756237 8700292552533 10865295024156 9490300968226 9813361822143 9609926899297 10598284310563 9733226619556 9307122857418 8919639566431 11120126194422 
8652559926839 10126853638725 9063817831719 9377851253393 11143933196349 7222628544141 9497221723099 10001247369194 8737219857528 9175147837934 11369305751845 10148372979438 8465216151597 8129735845105 9750179605850 9093566857809 8719662246967 9536310542917 10137170386244 10424379312970 11260098598441 9444903699834 7566630190171 10414529121893 8783172009806 8809314636709 9407028839757 10462554205463 8656065257121 8994053444348 8290426947846 9951221837005 
9112260597481 9140963238056 8658805576789 8600335683889 10640341776122 7459331237496 9223203355818 9489345009917 8598078974122 9272010339668 11121608125165 9397954508846 8351216636204 7861111678760 9040578428819 8856506144838 8339054895345 9715325521384 9451746455808 9530384136633 10443345481594 8755669627648 7825037122021 9561043220651 7966011660274 8341745776608 8908735390138 9629089755141 8478545127885 8880458071237 7599814499540 10101762328833 
7930085145089 8189240160453 8159832173336 8305764957531 9780885246643 6496456306817 8651076547991 9231104124299 8798657908667 8101305025284 9853246922251 8511639815003 9055839936271 6603425221283 9759170858072 9272437346495 8524592283518 8742931992104 9144771057249 9148876573247 10196885058823 8555186519544 6471132432955 9524688797808 8677084118061 8685783254388 7904111448314 9334337882806 8461193141672 7803088214478 7567821248235 8868796514475 
9072110803000 10298818047241 9315417112633 9831415349281 11553768905071 8478946354163 9905800812302 10474123520392 9682092615054 9993453824528 11775903060377 9973477338552 9386030514456 8961231916063 11131391132767 9983066315473 9481301987381 10438624523705 11085100022429 10347848592156 11639136903203 9908067160818 8281903288988 10956172863086 8987079023336 9887093283772 9341157905655 11194276195399 10101253087692 9768869389320 8794517537641 11450020553080 
11020137989433 11403508632350 9963247346263 10226831863002 12304066997627 9145251584586 11163055191777 11567660487162 10322185505270 11383239203067 13254859717479 11577531577999 9944700448638 9867448695962 10861853579313 10724950792523 10451619292452 11879727246716 12008778799353 11755246549762 13068540133883 11196021090027 8755257016963 12065014338860 10045367014617 10452408742570 9933384085244 12435213870477 11117176046123 10174522655378 9458085642174 11617086322055 
10457585542651 10762340075083 9975630708299 9390912540322 11931709203145 8860229672017 10187910279644 10960105698479 11099476999891 9959024193855 12266194777753 10803792137964 9631461468509 8932626146411 11068747366831 10399336489650 9839871259253 10916235135792 11565968116435 10826592500364 11851559965647 10074483745799 8421265144349 11072167796282 9644582938762 9986322801364 9553586803886 11078169355344 10245140528965 9267228121043 9209475558452 11114351979408 
9939596421452 11897497862924 10006931392016 9486921804403 12133738799464 8709679529837 11073112720261 11023916976988 10882046774503 10516804830553 13254406971622 11941691458043 10130775481389 8974109015521 11558549749138 10418717893344 10073054052084 11160304687552 11285983231662 11783469331869 12877098442513 11284568109815 8720666454241 11971723041774 9691744211988 10066934649239 9932110332884 11577508213329 11175976746705 9708882991444 9587162432098 12078819003517 
9511205334575 9879367827667 10185346361778 9470890173060 10971947805979 8030897946966 10033725010784 9445961695905 9669137902532 9870144113922 11466753366147 10326792937188 9704603934535 8377232563261 10784492323799 10168645772327 9420596774191 10490362673267 10227182934766 10165147749932 11521546484833 9969612129659 7577478659158 10453534344159 8943765438754 9106642502847 9619245743660 10781356391604 9423547213386 9953540593593 8870724346566 10128518458852 
9532891265200 10914623950508 9720469428561 9976536909314 11936437632552 8248485099458 10108406789087 10402070112523 9569023714601 9214723480217 11740741097422 10401814291045 9527251370756 8082790053299 10465408514442 10201395262554 8976713693139 10135434889755 10279536528254 10620862798416 11392161146986 10140943201858 8263284308621 10825644143476 9012945224561 8933521230373 9142784004187 11068741335605 9806743094161 9572484655032 8144042615012 10790380275933 
10573227772613 10686851003244 9971653064618 10537611030959 12155107495789 8941723966877 10613142621935 10342765654802 10698638861816 10011419787863 12963991172019 10679334357826 9745772623659 8633389597628 11056463115792 11371161818039 9569326244190 10826601237700 11163416684091 10993885793616 12436746657321 10550551756998 8671366723177 10857232559311 8925066418064 9869535139176 10297805966256 10941296596053 9720251285456 10675826746956 9377358013328 11681128015628 
