4405736674758 4134272813347 5650085860605 5000115641280 4778041095047 4960092045399 4381721992086 4428508228281 4017228356285 3073186439538 4811507942625 4595605404754 4704277475225 4076052375856 3999512814524 4426264467801 
4550397809397 4396080892490 5667269625529 5803815480197 5270310374027 5238603800332 5181605422948 4688270711145 4203672123330 3258170395727 4747663400272 4630914058315 5191662769554 4386606949194 3916908751204 4706399133162 
4252109065089 3855678485314 4902763759635 4976100351656 4844875896361 4760770773312 4760118089219 3947303895823 3459939645892 2957514578519 4401687181204 4314890945861 4536258852042 3897547009879 3347182324556 4548197617319 
4279994110720 4090817411497 5539316542089 5430707673070 5403644618859 4378621755806 4237037001615 4108783278919 3542721746381 3015086733170 4500166970515 4777090526214 4687787671539 4499413346900 4110637216533 4074176512214 
4968646530049 5208730780098 6176737089703 6083256310444 5637105551463 6179751351532 5649378641937 5011510334042 4923611137525 3765403850851 5499644287643 5466303427677 5787980451182 5024026875790 4527504882585 5248112543420 
5026934566794 4806886499766 5951511632773 5338426967093 5389152312093 5346800115974 5411187612186 4736973550749 4657697995098 3902156709907 5166209545162 4977106531284 5609580580712 4708525844506 3923243720647 4984812855297 
4411004394340 4587077656260 5413438896951 5912357365888 5558168082176 5117764010699 4987232014153 4872303302904 4328230602747 3432921432556 4888148558780 5026675904097 5070639812758 4529406404303 4327447875374 4838430576283 
4460178135481 4685895500408 6033716824922 5458379529238 5184525216836 5473974030617 5129972935283 4446138178153 4720965480508 3640335606246 5275573828087 5198275778382 5473984091639 4757022297386 4470767138555 4631243378524 
4209190486962 3804470383134 5241175052912 5092810314361 4713134472405 4939329471991 4508523517592 3857903290606 3392341902255 2690151150268 4475632302055 4659111618741 4411805336943 3984474818592 3606006097518 3979016620669 
4525340176381 4198951119056 5212373959825 5509855858818 5400404208805 4816621833900 4690121948849 4340787558852 3509266539315 2942244709696 4214640507194 4709001589101 4884912436197 4013822519802 3761940540230 4433006901379 
4950050269686 5101595356414 6421976451820 5635503874897 5386220182355 6020954364029 5377730964722 4541348975292 4994423251227 3853683584124 5795024760941 4878855418125 5728929847215 5188961924867 4280230919869 5380026452926 
4937883343193 4662063959815 5885472022722 5580562909339 5466239860905 5213343112961 4924200815506 4422391063759 4502878655853 3286547764547 5083980784873 4689564070618 5158817951796 4921463601208 4191247436769 5217644467397 
5221359785820 5739091988196 6778393835277 7040883756370 6411566427770 6319935084272 5739144248862 5679273945940 5597660522907 3766925956446 5961173381354 5664435323628 6224882575489 5725734315163 5100703789721 6096788252443 
4463491246390 4267010914409 5903429279666 5247799796534 5343988545676 4867183544215 4557065181194 4239642880725 3574170298436 3470770366956 4776829486178 4501179268105 5074779217716 4119883981020 4082760130875 4571040821010 
4610326675737 4255927458981 5950323965328 5980002559554 5638471089777 4992607601501 5054814963780 5001441957509 3890936411725 3251743412329 4783729097068 4854477899983 5190769861427 4324742264919 3995088996365 4589977639186 
4053120561834 3777163653387 4720043230049 4991545625815 4642630449617 4209559425222 3736947157880 4160584235248 3669906054456 2406974928972 3968523423512 3634534410209 4037653200165 3774346426323 3782228165886 4345201200241 
